4.785069800072549562e+00
7.413817707459647854e-01
0.000000000000000000e+00
1.435903152301121247e-17
0.000000000000000000e+00
4.048368463979575282e-01
4.048368463979575282e-01
7.413817707459647854e-01
1.118947464465112063e+00
0.000000000000000000e+00
5.044170540500885250e-19
0.000000000000000000e+00
7.210322535817027534e-01
7.210322535817027534e-01
0.000000000000000000e+00
0.000000000000000000e+00
1.115813944939832769e+00
0.000000000000000000e+00
0.000000000000000000e+00
3.107345193687936491e-01
-3.107345193687936491e-01
1.435903152301121247e-17
5.044170540500885250e-19
0.000000000000000000e+00
1.115813944939832769e+00
0.000000000000000000e+00
2.427737780507011334e-01
2.427737780507011334e-01
0.000000000000000000e+00
0.000000000000000000e+00
0.000000000000000000e+00
0.000000000000000000e+00
1.115813944939832769e+00
0.000000000000000000e+00
0.000000000000000000e+00
4.048368463979575282e-01
7.210322535817026424e-01
3.107345193687937046e-01
2.427737780507010501e-01
0.000000000000000000e+00
7.641294551207555852e-01
4.551529492011001099e-01
4.048368463979575282e-01
7.210322535817026424e-01
-3.107345193687937046e-01
2.427737780507010501e-01
0.000000000000000000e+00
4.551529492011001099e-01
7.641294551207555852e-01
7.413817707459646744e-01
1.368737622297681589e-01
0.000000000000000000e+00
3.332740677128413178e-18
0.000000000000000000e+00
7.387275691235722919e-02
7.387275691235722919e-02
1.368737622297681034e-01
2.566337162633077207e-01
0.000000000000000000e+00
1.115190329840662858e-18
0.000000000000000000e+00
1.662746425361082137e-01
1.662746425361082137e-01
0.000000000000000000e+00
0.000000000000000000e+00
2.566842198555707721e-01
0.000000000000000000e+00
0.000000000000000000e+00
7.280354399964020229e-02
-7.280354399964020229e-02
3.332740677128413563e-18
1.115190329840662858e-18
0.000000000000000000e+00
2.566842198555707721e-01
0.000000000000000000e+00
5.688068215973091091e-02
5.688068215973091091e-02
0.000000000000000000e+00
0.000000000000000000e+00
0.000000000000000000e+00
0.000000000000000000e+00
2.566842198555707721e-01
0.000000000000000000e+00
0.000000000000000000e+00
7.387275691235722919e-02
1.662746425361082137e-01
7.280354399964020229e-02
5.688068215973090397e-02
0.000000000000000000e+00
1.783686644302468205e-01
1.054122724071889228e-01
7.387275691235722919e-02
1.662746425361082137e-01
-7.280354399964020229e-02
5.688068215973090397e-02
0.000000000000000000e+00
1.054122724071889228e-01
1.783686644302468205e-01
0.000000000000000000e+00
0.000000000000000000e+00
2.447741051592884978e-02
0.000000000000000000e+00
0.000000000000000000e+00
2.446746007230128465e-03
-2.446746007230128465e-03
0.000000000000000000e+00
0.000000000000000000e+00
3.780860893412237023e-02
0.000000000000000000e+00
0.000000000000000000e+00
8.798562743380712245e-03
-8.798562743380712245e-03
2.447741051592885325e-02
3.780860893412237023e-02
0.000000000000000000e+00
2.519261237893032268e-19
0.000000000000000000e+00
2.418574785396257476e-02
2.418574785396257476e-02
0.000000000000000000e+00
0.000000000000000000e+00
2.519261237893032268e-19
0.000000000000000000e+00
0.000000000000000000e+00
3.023066263966760810e-03
-3.023066263966760810e-03
0.000000000000000000e+00
0.000000000000000000e+00
0.000000000000000000e+00
0.000000000000000000e+00
0.000000000000000000e+00
0.000000000000000000e+00
0.000000000000000000e+00
2.446746007230127598e-03
8.798562743380712245e-03
2.418574785396257129e-02
3.023066263966760810e-03
0.000000000000000000e+00
1.564832260533475378e-02
-6.776263578034402713e-20
-2.446746007230127598e-03
-8.798562743380712245e-03
2.418574785396257129e-02
-3.023066263966760810e-03
0.000000000000000000e+00
6.776263578034402713e-20
-1.564832260533475378e-02
1.435903152301121247e-17
3.332740677128413948e-18
0.000000000000000000e+00
2.447741051592884978e-02
0.000000000000000000e+00
1.911618230611623675e-03
1.911618230611623675e-03
3.332740677128413563e-18
5.858787568967100559e-18
0.000000000000000000e+00
3.780860893412237023e-02
0.000000000000000000e+00
6.874229239048608962e-03
6.874229239048608962e-03
0.000000000000000000e+00
0.000000000000000000e+00
5.693260015629001474e-18
0.000000000000000000e+00
0.000000000000000000e+00
3.023066263966762979e-03
-3.023066263966762979e-03
2.447741051592885325e-02
3.780860893412237023e-02
0.000000000000000000e+00
6.197112263207607446e-18
0.000000000000000000e+00
2.267831272592282787e-02
2.267831272592282787e-02
0.000000000000000000e+00
0.000000000000000000e+00
0.000000000000000000e+00
0.000000000000000000e+00
5.693260015629001474e-18
0.000000000000000000e+00
0.000000000000000000e+00
1.911618230611623675e-03
6.874229239048608962e-03
3.023066263966762979e-03
2.267831272592283134e-02
0.000000000000000000e+00
1.222587824091884642e-02
7.438359152623509607e-03
1.911618230611623675e-03
6.874229239048608962e-03
-3.023066263966762979e-03
2.267831272592283134e-02
0.000000000000000000e+00
7.438359152623509607e-03
1.222587824091884642e-02
0.000000000000000000e+00
0.000000000000000000e+00
0.000000000000000000e+00
0.000000000000000000e+00
2.447741051592884978e-02
0.000000000000000000e+00
0.000000000000000000e+00
0.000000000000000000e+00
0.000000000000000000e+00
0.000000000000000000e+00
0.000000000000000000e+00
3.780860893412237023e-02
0.000000000000000000e+00
0.000000000000000000e+00
0.000000000000000000e+00
0.000000000000000000e+00
0.000000000000000000e+00
0.000000000000000000e+00
0.000000000000000000e+00
0.000000000000000000e+00
0.000000000000000000e+00
0.000000000000000000e+00
0.000000000000000000e+00
0.000000000000000000e+00
0.000000000000000000e+00
2.519261237893032268e-19
0.000000000000000000e+00
0.000000000000000000e+00
2.447741051592885325e-02
3.780860893412237023e-02
0.000000000000000000e+00
2.519261237893032268e-19
0.000000000000000000e+00
2.031642123188583116e-02
2.031642123188583116e-02
0.000000000000000000e+00
0.000000000000000000e+00
0.000000000000000000e+00
0.000000000000000000e+00
2.031642123188583116e-02
0.000000000000000000e+00
0.000000000000000000e+00
0.000000000000000000e+00
0.000000000000000000e+00
0.000000000000000000e+00
0.000000000000000000e+00
2.031642123188583116e-02
0.000000000000000000e+00
0.000000000000000000e+00
4.048368463979575838e-01
7.387275691235722919e-02
2.446746007230127164e-03
1.911618230611623025e-03
0.000000000000000000e+00
4.032030797340460659e-02
3.979746385620150373e-02
7.387275691235725694e-02
1.367967670397670643e-01
4.535283741360593771e-03
3.543371913293150762e-03
0.000000000000000000e+00
9.046697670122337553e-02
8.816036281497971472e-02
2.446746007230128032e-03
4.535283741360593771e-03
1.370459407898619308e-01
4.147263832040737515e-04
0.000000000000000000e+00
4.218046567583867701e-02
-3.610502513368287619e-02
1.911618230611623458e-03
3.543371913293150328e-03
4.147263832040737515e-04
1.368391397924711150e-01
0.000000000000000000e+00
3.295517676266798007e-02
3.197259299413816175e-02
0.000000000000000000e+00
0.000000000000000000e+00
0.000000000000000000e+00
0.000000000000000000e+00
1.365151182093130022e-01
0.000000000000000000e+00
0.000000000000000000e+00
4.032030797340461353e-02
9.046697670122337553e-02
4.218046567583867007e-02
3.295517676266798007e-02
0.000000000000000000e+00
9.843853929774001865e-02
5.691648737545310782e-02
3.979746385620151067e-02
8.816036281497970084e-02
-3.610502513368287619e-02
3.197259299413815481e-02
0.000000000000000000e+00
5.691648737545310782e-02
9.417252575009561755e-02
4.048368463979575838e-01
7.387275691235722919e-02
-2.446746007230127164e-03
1.911618230611623025e-03
0.000000000000000000e+00
3.979746385620150373e-02
4.032030797340460659e-02
7.387275691235725694e-02
1.367967670397670643e-01
-4.535283741360593771e-03
3.543371913293150762e-03
0.000000000000000000e+00
8.816036281497971472e-02
9.046697670122337553e-02
-2.446746007230128032e-03
-4.535283741360593771e-03
1.370459407898619308e-01
-4.147263832040737515e-04
0.000000000000000000e+00
3.610502513368287619e-02
-4.218046567583867701e-02
1.911618230611623458e-03
3.543371913293150328e-03
-4.147263832040737515e-04
1.368391397924711150e-01
0.000000000000000000e+00
3.197259299413816175e-02
3.295517676266798007e-02
0.000000000000000000e+00
0.000000000000000000e+00
0.000000000000000000e+00
0.000000000000000000e+00
1.365151182093130022e-01
0.000000000000000000e+00
0.000000000000000000e+00
3.979746385620151067e-02
8.816036281497970084e-02
3.610502513368287619e-02
3.197259299413815481e-02
0.000000000000000000e+00
9.417252575009561755e-02
5.691648737545310782e-02
4.032030797340461353e-02
9.046697670122337553e-02
-4.218046567583867007e-02
3.295517676266798007e-02
0.000000000000000000e+00
5.691648737545310782e-02
9.843853929774001865e-02
7.413817707459647854e-01
1.368737622297681589e-01
0.000000000000000000e+00
3.332740677128413178e-18
0.000000000000000000e+00
7.387275691235722919e-02
7.387275691235722919e-02
1.368737622297681034e-01
2.566337162633077207e-01
0.000000000000000000e+00
1.115190329840662666e-18
0.000000000000000000e+00
1.662746425361082137e-01
1.662746425361082137e-01
0.000000000000000000e+00
0.000000000000000000e+00
2.566842198555708277e-01
0.000000000000000000e+00
0.000000000000000000e+00
7.280354399964020229e-02
-7.280354399964020229e-02
3.332740677128413563e-18
1.115190329840662666e-18
0.000000000000000000e+00
2.566842198555708277e-01
0.000000000000000000e+00
5.688068215973092479e-02
5.688068215973092479e-02
0.000000000000000000e+00
0.000000000000000000e+00
0.000000000000000000e+00
0.000000000000000000e+00
2.566842198555708277e-01
0.000000000000000000e+00
0.000000000000000000e+00
7.387275691235722919e-02
1.662746425361082414e-01
7.280354399964020229e-02
5.688068215973091785e-02
0.000000000000000000e+00
1.783686644302468760e-01
1.054122724071889228e-01
7.387275691235722919e-02
1.662746425361082414e-01
-7.280354399964020229e-02
5.688068215973091785e-02
0.000000000000000000e+00
1.054122724071889228e-01
1.783686644302468760e-01
1.118947464465111841e+00
2.566337162633077207e-01
0.000000000000000000e+00
5.858787568967101329e-18
0.000000000000000000e+00
1.367967670397670366e-01
1.367967670397670366e-01
2.566337162633077762e-01
8.172058934013414211e-01
0.000000000000000000e+00
0.000000000000000000e+00
0.000000000000000000e+00
5.566335013907788287e-01
5.566335013907788287e-01
0.000000000000000000e+00
0.000000000000000000e+00
8.170220964045138423e-01
0.000000000000000000e+00
0.000000000000000000e+00
2.593221251790601145e-01
-2.593221251790601145e-01
5.858787568967101329e-18
0.000000000000000000e+00
0.000000000000000000e+00
8.170220964045138423e-01
0.000000000000000000e+00
2.026057876985901118e-01
2.026057876985901118e-01
0.000000000000000000e+00
0.000000000000000000e+00
0.000000000000000000e+00
0.000000000000000000e+00
8.170220964045138423e-01
0.000000000000000000e+00
0.000000000000000000e+00
1.367967670397670088e-01
5.566335013907788287e-01
2.593221251790601145e-01
2.026057876985901396e-01
0.000000000000000000e+00
6.501267820410544518e-01
3.694095766870997832e-01
1.367967670397670088e-01
5.566335013907788287e-01
-2.593221251790601145e-01
2.026057876985901396e-01
0.000000000000000000e+00
3.694095766870997832e-01
6.501267820410544518e-01
0.000000000000000000e+00
0.000000000000000000e+00
3.780860893412237023e-02
0.000000000000000000e+00
0.000000000000000000e+00
4.535283741360593771e-03
-4.535283741360593771e-03
0.000000000000000000e+00
0.000000000000000000e+00
1.805182833929275532e-01
0.000000000000000000e+00
0.000000000000000000e+00
5.702292762475581062e-02
-5.702292762475581062e-02
3.780860893412237717e-02
1.805182833929275532e-01
0.000000000000000000e+00
0.000000000000000000e+00
0.000000000000000000e+00
1.342268080769785654e-01
1.342268080769785654e-01
0.000000000000000000e+00
0.000000000000000000e+00
0.000000000000000000e+00
0.000000000000000000e+00
0.000000000000000000e+00
2.145229180505948616e-02
-2.145229180505948616e-02
0.000000000000000000e+00
0.000000000000000000e+00
0.000000000000000000e+00
0.000000000000000000e+00
0.000000000000000000e+00
0.000000000000000000e+00
0.000000000000000000e+00
4.535283741360594638e-03
5.702292762475581062e-02
1.342268080769785932e-01
2.145229180505948269e-02
0.000000000000000000e+00
1.202706952586457961e-01
1.301042606982605321e-18
-4.535283741360594638e-03
-5.702292762475581062e-02
1.342268080769785932e-01
-2.145229180505948269e-02
0.000000000000000000e+00
-1.301042606982605321e-18
-1.202706952586457961e-01
5.044170540500885250e-19
1.115190329840662858e-18
0.000000000000000000e+00
3.780860893412237023e-02
0.000000000000000000e+00
3.543371913293151629e-03
3.543371913293151629e-03
1.115190329840662666e-18
0.000000000000000000e+00
0.000000000000000000e+00
1.805182833929275532e-01
0.000000000000000000e+00
4.455144411729602960e-02
4.455144411729602960e-02
0.000000000000000000e+00
0.000000000000000000e+00
0.000000000000000000e+00
0.000000000000000000e+00
0.000000000000000000e+00
2.145229180505948616e-02
-2.145229180505948616e-02
3.780860893412237717e-02
1.805182833929275532e-01
0.000000000000000000e+00
0.000000000000000000e+00
0.000000000000000000e+00
1.235297424422105300e-01
1.235297424422105300e-01
0.000000000000000000e+00
0.000000000000000000e+00
0.000000000000000000e+00
0.000000000000000000e+00
0.000000000000000000e+00
0.000000000000000000e+00
0.000000000000000000e+00
3.543371913293150762e-03
4.455144411729602960e-02
2.145229180505948616e-02
1.235297424422105300e-01
0.000000000000000000e+00
9.396629359376643120e-02
5.297226763296683516e-02
3.543371913293150762e-03
4.455144411729602960e-02
-2.145229180505948616e-02
1.235297424422105300e-01
0.000000000000000000e+00
5.297226763296683516e-02
9.396629359376643120e-02
0.000000000000000000e+00
0.000000000000000000e+00
0.000000000000000000e+00
0.000000000000000000e+00
3.780860893412237023e-02
0.000000000000000000e+00
0.000000000000000000e+00
0.000000000000000000e+00
0.000000000000000000e+00
0.000000000000000000e+00
0.000000000000000000e+00
1.805182833929275532e-01
0.000000000000000000e+00
0.000000000000000000e+00
0.000000000000000000e+00
0.000000000000000000e+00
0.000000000000000000e+00
0.000000000000000000e+00
0.000000000000000000e+00
0.000000000000000000e+00
0.000000000000000000e+00
0.000000000000000000e+00
0.000000000000000000e+00
0.000000000000000000e+00
0.000000000000000000e+00
0.000000000000000000e+00
0.000000000000000000e+00
0.000000000000000000e+00
3.780860893412237717e-02
1.805182833929275532e-01
0.000000000000000000e+00
0.000000000000000000e+00
0.000000000000000000e+00
1.067692810041324381e-01
1.067692810041324381e-01
0.000000000000000000e+00
0.000000000000000000e+00
0.000000000000000000e+00
0.000000000000000000e+00
1.067692810041324381e-01
0.000000000000000000e+00
0.000000000000000000e+00
0.000000000000000000e+00
0.000000000000000000e+00
0.000000000000000000e+00
0.000000000000000000e+00
1.067692810041324381e-01
0.000000000000000000e+00
0.000000000000000000e+00
7.210322535817025313e-01
1.662746425361081859e-01
8.798562743380712245e-03
6.874229239048609830e-03
0.000000000000000000e+00
9.046697670122336166e-02
8.816036281497974247e-02
1.662746425361081859e-01
5.566335013907788287e-01
5.702292762475579674e-02
4.455144411729602266e-02
0.000000000000000000e+00
4.183656216441297149e-01
3.745653919357255779e-01
8.798562743380712245e-03
5.702292762475579674e-02
5.620533359444450650e-01
9.400768292314360536e-03
0.000000000000000000e+00
2.371624942844323125e-01
-1.404578006761812436e-01
6.874229239048609830e-03
4.455144411729601572e-02
9.400768292314360536e-03
5.573656952786391061e-01
0.000000000000000000e+00
1.852926892909012579e-01
1.620688445897530972e-01
0.000000000000000000e+00
0.000000000000000000e+00
0.000000000000000000e+00
0.000000000000000000e+00
5.500209688557735621e-01
0.000000000000000000e+00
0.000000000000000000e+00
9.046697670122338941e-02
4.183656216441297149e-01
2.371624942844322848e-01
1.852926892909012579e-01
0.000000000000000000e+00
5.393177548331508087e-01
2.728552444393579912e-01
8.816036281497974247e-02
3.745653919357256334e-01
-1.404578006761812714e-01
1.620688445897530694e-01
0.000000000000000000e+00
2.728552444393579912e-01
4.350693422371738617e-01
7.210322535817025313e-01
1.662746425361081859e-01
-8.798562743380712245e-03
6.874229239048609830e-03
0.000000000000000000e+00
8.816036281497974247e-02
9.046697670122336166e-02
1.662746425361081859e-01
5.566335013907788287e-01
-5.702292762475579674e-02
4.455144411729602266e-02
0.000000000000000000e+00
3.745653919357255779e-01
4.183656216441297149e-01
-8.798562743380712245e-03
-5.702292762475579674e-02
5.620533359444450650e-01
-9.400768292314360536e-03
0.000000000000000000e+00
1.404578006761812436e-01
-2.371624942844323125e-01
6.874229239048609830e-03
4.455144411729601572e-02
-9.400768292314360536e-03
5.573656952786391061e-01
0.000000000000000000e+00
1.620688445897530972e-01
1.852926892909012579e-01
0.000000000000000000e+00
0.000000000000000000e+00
0.000000000000000000e+00
0.000000000000000000e+00
5.500209688557735621e-01
0.000000000000000000e+00
0.000000000000000000e+00
8.816036281497974247e-02
3.745653919357256334e-01
1.404578006761812714e-01
1.620688445897530694e-01
0.000000000000000000e+00
4.350693422371738617e-01
2.728552444393579912e-01
9.046697670122338941e-02
4.183656216441297149e-01
-2.371624942844322848e-01
1.852926892909012579e-01
0.000000000000000000e+00
2.728552444393579912e-01
5.393177548331508087e-01
0.000000000000000000e+00
0.000000000000000000e+00
2.447741051592885672e-02
0.000000000000000000e+00
0.000000000000000000e+00
2.446746007230127598e-03
-2.446746007230127598e-03
0.000000000000000000e+00
0.000000000000000000e+00
3.780860893412234941e-02
0.000000000000000000e+00
0.000000000000000000e+00
8.798562743380708775e-03
-8.798562743380708775e-03
2.447741051592885672e-02
3.780860893412234941e-02
0.000000000000000000e+00
2.519261237893032268e-19
0.000000000000000000e+00
2.418574785396257823e-02
2.418574785396257823e-02
0.000000000000000000e+00
0.000000000000000000e+00
2.519261237893032268e-19
0.000000000000000000e+00
0.000000000000000000e+00
3.023066263966759943e-03
-3.023066263966759943e-03
0.000000000000000000e+00
0.000000000000000000e+00
0.000000000000000000e+00
0.000000000000000000e+00
0.000000000000000000e+00
0.000000000000000000e+00
0.000000000000000000e+00
2.446746007230127598e-03
8.798562743380707041e-03
2.418574785396256782e-02
3.023066263966759943e-03
0.000000000000000000e+00
1.564832260533475378e-02
4.065758146820641628e-20
-2.446746007230127598e-03
-8.798562743380707041e-03
2.418574785396256782e-02
-3.023066263966759943e-03
0.000000000000000000e+00
-4.065758146820641628e-20
-1.564832260533475378e-02
0.000000000000000000e+00
0.000000000000000000e+00
3.780860893412237023e-02
0.000000000000000000e+00
0.000000000000000000e+00
4.535283741360593771e-03
-4.535283741360593771e-03
0.000000000000000000e+00
0.000000000000000000e+00
1.805182833929275255e-01
0.000000000000000000e+00
0.000000000000000000e+00
5.702292762475581062e-02
-5.702292762475581062e-02
3.780860893412237023e-02
1.805182833929274977e-01
0.000000000000000000e+00
0.000000000000000000e+00
0.000000000000000000e+00
1.342268080769785932e-01
1.342268080769785932e-01
0.000000000000000000e+00
0.000000000000000000e+00
0.000000000000000000e+00
0.000000000000000000e+00
0.000000000000000000e+00
2.145229180505947922e-02
-2.145229180505947922e-02
0.000000000000000000e+00
0.000000000000000000e+00
0.000000000000000000e+00
0.000000000000000000e+00
0.000000000000000000e+00
0.000000000000000000e+00
0.000000000000000000e+00
4.535283741360592903e-03
5.702292762475580368e-02
1.342268080769786209e-01
2.145229180505948616e-02
0.000000000000000000e+00
1.202706952586457823e-01
1.301042606982605321e-18
-4.535283741360592903e-03
-5.702292762475580368e-02
1.342268080769786209e-01
-2.145229180505948616e-02
0.000000000000000000e+00
-1.301042606982605321e-18
-1.202706952586457823e-01
1.115813944939832547e+00
2.566842198555708277e-01
0.000000000000000000e+00
5.693260015628999933e-18
0.000000000000000000e+00
1.370459407898619864e-01
1.370459407898619864e-01
2.566842198555708277e-01
8.170220964045141754e-01
0.000000000000000000e+00
0.000000000000000000e+00
0.000000000000000000e+00
5.620533359444452870e-01
5.620533359444452870e-01
0.000000000000000000e+00
0.000000000000000000e+00
8.801584684655664459e-01
0.000000000000000000e+00
0.000000000000000000e+00
2.793734430072115082e-01
-2.793734430072115082e-01
5.693260015628999933e-18
0.000000000000000000e+00
0.000000000000000000e+00
7.852696293696076468e-01
0.000000000000000000e+00
1.983148530060872272e-01
1.983148530060872272e-01
0.000000000000000000e+00
0.000000000000000000e+00
0.000000000000000000e+00
0.000000000000000000e+00
7.852696293696076468e-01
0.000000000000000000e+00
0.000000000000000000e+00
1.370459407898619864e-01
5.620533359444450650e-01
2.793734430072114527e-01
1.983148530060872272e-01
0.000000000000000000e+00
6.682095036288659973e-01
3.689965635898593277e-01
1.370459407898619864e-01
5.620533359444450650e-01
-2.793734430072114527e-01
1.983148530060872272e-01
0.000000000000000000e+00
3.689965635898593277e-01
6.682095036288659973e-01
0.000000000000000000e+00
0.000000000000000000e+00
2.519261237893031787e-19
0.000000000000000000e+00
0.000000000000000000e+00
4.147263832040735889e-04
-4.147263832040735889e-04
0.000000000000000000e+00
0.000000000000000000e+00
0.000000000000000000e+00
0.000000000000000000e+00
0.000000000000000000e+00
9.400768292314360536e-03
-9.400768292314360536e-03
2.519261237893032268e-19
0.000000000000000000e+00
0.000000000000000000e+00
4.744441954797915667e-02
0.000000000000000000e+00
1.523287472317533600e-02
1.523287472317533600e-02
0.000000000000000000e+00
0.000000000000000000e+00
4.744441954797915667e-02
0.000000000000000000e+00
0.000000000000000000e+00
1.687697371947786962e-02
-1.687697371947786962e-02
0.000000000000000000e+00
0.000000000000000000e+00
0.000000000000000000e+00
0.000000000000000000e+00
0.000000000000000000e+00
0.000000000000000000e+00
0.000000000000000000e+00
4.147263832040736431e-04
9.400768292314362271e-03
1.523287472317533774e-02
1.687697371947786615e-02
0.000000000000000000e+00
3.087451927978867444e-02
-1.084202172485504434e-19
-4.147263832040736431e-04
-9.400768292314362271e-03
1.523287472317533774e-02
-1.687697371947786615e-02
0.000000000000000000e+00
1.084202172485504434e-19
-3.087451927978867444e-02
0.000000000000000000e+00
0.000000000000000000e+00
0.000000000000000000e+00
0.000000000000000000e+00
0.000000000000000000e+00
0.000000000000000000e+00
0.000000000000000000e+00
0.000000000000000000e+00
0.000000000000000000e+00
0.000000000000000000e+00
0.000000000000000000e+00
0.000000000000000000e+00
0.000000000000000000e+00
0.000000000000000000e+00
0.000000000000000000e+00
0.000000000000000000e+00
0.000000000000000000e+00
0.000000000000000000e+00
4.744441954797915667e-02
0.000000000000000000e+00
0.000000000000000000e+00
0.000000000000000000e+00
0.000000000000000000e+00
0.000000000000000000e+00
0.000000000000000000e+00
0.000000000000000000e+00
0.000000000000000000e+00
0.000000000000000000e+00
0.000000000000000000e+00
0.000000000000000000e+00
4.744441954797915667e-02
0.000000000000000000e+00
0.000000000000000000e+00
1.277171645790000504e-02
-1.277171645790000504e-02
0.000000000000000000e+00
0.000000000000000000e+00
0.000000000000000000e+00
0.000000000000000000e+00
1.277171645790000330e-02
0.000000000000000000e+00
0.000000000000000000e+00
0.000000000000000000e+00
0.000000000000000000e+00
0.000000000000000000e+00
0.000000000000000000e+00
-1.277171645790000330e-02
0.000000000000000000e+00
0.000000000000000000e+00
3.107345193687935381e-01
7.280354399964021617e-02
2.418574785396257476e-02
3.023066263966762111e-03
0.000000000000000000e+00
4.218046567583866313e-02
3.610502513368289007e-02
7.280354399964021617e-02
2.593221251790602255e-01
1.342268080769786209e-01
2.145229180505948616e-02
0.000000000000000000e+00
2.371624942844323958e-01
1.404578006761812714e-01
2.418574785396257823e-02
1.342268080769786209e-01
2.793734430072113972e-01
1.523287472317533600e-02
0.000000000000000000e+00
2.058935861495400366e-01
1.247946097331279619e-02
3.023066263966762979e-03
2.145229180505948963e-02
1.523287472317533600e-02
2.512099028505130893e-01
0.000000000000000000e+00
1.052432607809171555e-01
5.867487700860192501e-02
0.000000000000000000e+00
0.000000000000000000e+00
0.000000000000000000e+00
0.000000000000000000e+00
2.471046455889352178e-01
0.000000000000000000e+00
0.000000000000000000e+00
4.218046567583866313e-02
2.371624942844323680e-01
2.058935861495400366e-01
1.052432607809171417e-01
0.000000000000000000e+00
3.522221162229106084e-01
1.297120910870419308e-01
3.610502513368289701e-02
1.404578006761812992e-01
1.247946097331279793e-02
5.867487700860191807e-02
0.000000000000000000e+00
1.297120910870419586e-01
1.298493960599810260e-01
-3.107345193687935381e-01
-7.280354399964021617e-02
2.418574785396257476e-02
-3.023066263966762111e-03
0.000000000000000000e+00
-3.610502513368289007e-02
-4.218046567583866313e-02
-7.280354399964021617e-02
-2.593221251790602255e-01
1.342268080769786209e-01
-2.145229180505948616e-02
0.000000000000000000e+00
-1.404578006761812714e-01
-2.371624942844323958e-01
2.418574785396257823e-02
1.342268080769786209e-01
-2.793734430072113972e-01
1.523287472317533600e-02
0.000000000000000000e+00
1.247946097331279619e-02
2.058935861495400366e-01
-3.023066263966762979e-03
-2.145229180505948963e-02
1.523287472317533600e-02
-2.512099028505130893e-01
0.000000000000000000e+00
-5.867487700860192501e-02
-1.052432607809171555e-01
0.000000000000000000e+00
0.000000000000000000e+00
0.000000000000000000e+00
0.000000000000000000e+00
-2.471046455889352178e-01
0.000000000000000000e+00
0.000000000000000000e+00
-3.610502513368289701e-02
-1.404578006761812992e-01
1.247946097331279793e-02
-5.867487700860191807e-02
0.000000000000000000e+00
-1.298493960599810260e-01
-1.297120910870419586e-01
-4.218046567583866313e-02
-2.371624942844323680e-01
2.058935861495400366e-01
-1.052432607809171417e-01
0.000000000000000000e+00
-1.297120910870419308e-01
-3.522221162229106084e-01
1.435903152301120939e-17
3.332740677128413948e-18
0.000000000000000000e+00
2.447741051592885672e-02
0.000000000000000000e+00
1.911618230611624109e-03
1.911618230611624109e-03
3.332740677128413948e-18
5.858787568967101329e-18
0.000000000000000000e+00
3.780860893412234941e-02
0.000000000000000000e+00
6.874229239048608095e-03
6.874229239048608095e-03
0.000000000000000000e+00
0.000000000000000000e+00
5.693260015628999933e-18
0.000000000000000000e+00
0.000000000000000000e+00
3.023066263966762111e-03
-3.023066263966762111e-03
2.447741051592885672e-02
3.780860893412234941e-02
0.000000000000000000e+00
6.197112263207606676e-18
0.000000000000000000e+00
2.267831272592283134e-02
2.267831272592283134e-02
0.000000000000000000e+00
0.000000000000000000e+00
0.000000000000000000e+00
0.000000000000000000e+00
5.693260015628999933e-18
0.000000000000000000e+00
0.000000000000000000e+00
1.911618230611623675e-03
6.874229239048608095e-03
3.023066263966762111e-03
2.267831272592283481e-02
0.000000000000000000e+00
1.222587824091884642e-02
7.438359152623509607e-03
1.911618230611623675e-03
6.874229239048608095e-03
-3.023066263966762111e-03
2.267831272592283481e-02
0.000000000000000000e+00
7.438359152623509607e-03
1.222587824091884642e-02
5.044170540500883324e-19
1.115190329840662858e-18
0.000000000000000000e+00
3.780860893412237023e-02
0.000000000000000000e+00
3.543371913293150762e-03
3.543371913293150762e-03
1.115190329840662666e-18
0.000000000000000000e+00
0.000000000000000000e+00
1.805182833929275255e-01
0.000000000000000000e+00
4.455144411729603654e-02
4.455144411729603654e-02
0.000000000000000000e+00
0.000000000000000000e+00
0.000000000000000000e+00
0.000000000000000000e+00
0.000000000000000000e+00
2.145229180505948269e-02
-2.145229180505948269e-02
3.780860893412237023e-02
1.805182833929274977e-01
0.000000000000000000e+00
0.000000000000000000e+00
0.000000000000000000e+00
1.235297424422105300e-01
1.235297424422105300e-01
0.000000000000000000e+00
0.000000000000000000e+00
0.000000000000000000e+00
0.000000000000000000e+00
0.000000000000000000e+00
0.000000000000000000e+00
0.000000000000000000e+00
3.543371913293150762e-03
4.455144411729603654e-02
2.145229180505948963e-02
1.235297424422105439e-01
0.000000000000000000e+00
9.396629359376644508e-02
5.297226763296681434e-02
3.543371913293150762e-03
4.455144411729603654e-02
-2.145229180505948963e-02
1.235297424422105439e-01
0.000000000000000000e+00
5.297226763296681434e-02
9.396629359376644508e-02
0.000000000000000000e+00
0.000000000000000000e+00
2.519261237893031787e-19
0.000000000000000000e+00
0.000000000000000000e+00
4.147263832040735889e-04
-4.147263832040735889e-04
0.000000000000000000e+00
0.000000000000000000e+00
0.000000000000000000e+00
0.000000000000000000e+00
0.000000000000000000e+00
9.400768292314360536e-03
-9.400768292314360536e-03
2.519261237893032268e-19
0.000000000000000000e+00
0.000000000000000000e+00
4.744441954797915667e-02
0.000000000000000000e+00
1.523287472317533600e-02
1.523287472317533600e-02
0.000000000000000000e+00
0.000000000000000000e+00
4.744441954797915667e-02
0.000000000000000000e+00
0.000000000000000000e+00
1.687697371947786962e-02
-1.687697371947786962e-02
0.000000000000000000e+00
0.000000000000000000e+00
0.000000000000000000e+00
0.000000000000000000e+00
0.000000000000000000e+00
0.000000000000000000e+00
0.000000000000000000e+00
4.147263832040736431e-04
9.400768292314362271e-03
1.523287472317533774e-02
1.687697371947786615e-02
0.000000000000000000e+00
3.087451927978867444e-02
-1.084202172485504434e-19
-4.147263832040736431e-04
-9.400768292314362271e-03
1.523287472317533774e-02
-1.687697371947786615e-02
0.000000000000000000e+00
1.084202172485504434e-19
-3.087451927978867444e-02
1.115813944939832547e+00
2.566842198555708277e-01
0.000000000000000000e+00
6.197112263207606676e-18
0.000000000000000000e+00
1.368391397924711150e-01
1.368391397924711150e-01
2.566842198555708277e-01
8.170220964045141754e-01
0.000000000000000000e+00
0.000000000000000000e+00
0.000000000000000000e+00
5.573656952786393282e-01
5.573656952786393282e-01
0.000000000000000000e+00
0.000000000000000000e+00
7.852696293696076468e-01
0.000000000000000000e+00
0.000000000000000000e+00
2.512099028505131448e-01
-2.512099028505131448e-01
6.197112263207608217e-18
0.000000000000000000e+00
0.000000000000000000e+00
8.801584684655664459e-01
0.000000000000000000e+00
2.162246185219601213e-01
2.162246185219601213e-01
0.000000000000000000e+00
0.000000000000000000e+00
0.000000000000000000e+00
0.000000000000000000e+00
7.852696293696076468e-01
0.000000000000000000e+00
0.000000000000000000e+00
1.368391397924711705e-01
5.573656952786392171e-01
2.512099028505131448e-01
2.162246185219601768e-01
0.000000000000000000e+00
6.528140968266930022e-01
3.757778924634945228e-01
1.368391397924711705e-01
5.573656952786392171e-01
-2.512099028505131448e-01
2.162246185219601768e-01
0.000000000000000000e+00
3.757778924634945228e-01
6.528140968266930022e-01
0.000000000000000000e+00
0.000000000000000000e+00
0.000000000000000000e+00
0.000000000000000000e+00
2.519261237893031787e-19
0.000000000000000000e+00
0.000000000000000000e+00
0.000000000000000000e+00
0.000000000000000000e+00
0.000000000000000000e+00
0.000000000000000000e+00
0.000000000000000000e+00
0.000000000000000000e+00
0.000000000000000000e+00
0.000000000000000000e+00
0.000000000000000000e+00
0.000000000000000000e+00
0.000000000000000000e+00
0.000000000000000000e+00
0.000000000000000000e+00
0.000000000000000000e+00
0.000000000000000000e+00
0.000000000000000000e+00
0.000000000000000000e+00
0.000000000000000000e+00
4.744441954797915667e-02
0.000000000000000000e+00
0.000000000000000000e+00
2.519261237893032268e-19
0.000000000000000000e+00
0.000000000000000000e+00
4.744441954797915667e-02
0.000000000000000000e+00
9.978414573878498228e-03
9.978414573878498228e-03
0.000000000000000000e+00
0.000000000000000000e+00
0.000000000000000000e+00
0.000000000000000000e+00
9.978414573878499963e-03
0.000000000000000000e+00
0.000000000000000000e+00
0.000000000000000000e+00
0.000000000000000000e+00
0.000000000000000000e+00
0.000000000000000000e+00
9.978414573878499963e-03
0.000000000000000000e+00
0.000000000000000000e+00
2.427737780507010779e-01
5.688068215973089009e-02
3.023066263966760377e-03
2.267831272592283134e-02
0.000000000000000000e+00
3.295517676266798007e-02
3.197259299413816869e-02
5.688068215973089009e-02
2.026057876985901396e-01
2.145229180505948616e-02
1.235297424422105439e-01
0.000000000000000000e+00
1.852926892909012024e-01
1.620688445897531527e-01
3.023066263966760810e-03
2.145229180505948269e-02
1.983148530060873105e-01
1.687697371947786268e-02
0.000000000000000000e+00
1.052432607809171555e-01
-5.867487700860190419e-02
2.267831272592283134e-02
1.235297424422105439e-01
1.687697371947786268e-02
2.162246185219600936e-01
0.000000000000000000e+00
1.534146212715324364e-01
1.324923754202537440e-01
0.000000000000000000e+00
0.000000000000000000e+00
0.000000000000000000e+00
0.000000000000000000e+00
1.930603928567904970e-01
0.000000000000000000e+00
0.000000000000000000e+00
3.295517676266798007e-02
1.852926892909012024e-01
1.052432607809171417e-01
1.534146212715324364e-01
0.000000000000000000e+00
2.751876233195760246e-01
1.364421443066834161e-01
3.197259299413816175e-02
1.620688445897531249e-01
-5.867487700860191113e-02
1.324923754202537163e-01
0.000000000000000000e+00
1.364421443066834161e-01
2.117393090066983508e-01
2.427737780507010779e-01
5.688068215973089009e-02
-3.023066263966760377e-03
2.267831272592283134e-02
0.000000000000000000e+00
3.197259299413816869e-02
3.295517676266798007e-02
5.688068215973089009e-02
2.026057876985901396e-01
-2.145229180505948616e-02
1.235297424422105439e-01
0.000000000000000000e+00
1.620688445897531527e-01
1.852926892909012024e-01
-3.023066263966760810e-03
-2.145229180505948269e-02
1.983148530060873105e-01
-1.687697371947786268e-02
0.000000000000000000e+00
5.867487700860190419e-02
-1.052432607809171555e-01
2.267831272592283134e-02
1.235297424422105439e-01
-1.687697371947786268e-02
2.162246185219600936e-01
0.000000000000000000e+00
1.324923754202537440e-01
1.534146212715324364e-01
0.000000000000000000e+00
0.000000000000000000e+00
0.000000000000000000e+00
0.000000000000000000e+00
1.930603928567904970e-01
0.000000000000000000e+00
0.000000000000000000e+00
3.197259299413816175e-02
1.620688445897531249e-01
5.867487700860191113e-02
1.324923754202537163e-01
0.000000000000000000e+00
2.117393090066983508e-01
1.364421443066834161e-01
3.295517676266798007e-02
1.852926892909012024e-01
-1.052432607809171417e-01
1.534146212715324364e-01
0.000000000000000000e+00
1.364421443066834161e-01
2.751876233195760246e-01
0.000000000000000000e+00
0.000000000000000000e+00
0.000000000000000000e+00
0.000000000000000000e+00
2.447741051592885672e-02
0.000000000000000000e+00
0.000000000000000000e+00
0.000000000000000000e+00
0.000000000000000000e+00
0.000000000000000000e+00
0.000000000000000000e+00
3.780860893412234941e-02
0.000000000000000000e+00
0.000000000000000000e+00
0.000000000000000000e+00
0.000000000000000000e+00
0.000000000000000000e+00
0.000000000000000000e+00
0.000000000000000000e+00
0.000000000000000000e+00
0.000000000000000000e+00
0.000000000000000000e+00
0.000000000000000000e+00
0.000000000000000000e+00
0.000000000000000000e+00
2.519261237893032268e-19
0.000000000000000000e+00
0.000000000000000000e+00
2.447741051592885672e-02
3.780860893412234941e-02
0.000000000000000000e+00
2.519261237893032268e-19
0.000000000000000000e+00
2.031642123188583463e-02
2.031642123188583463e-02
0.000000000000000000e+00
0.000000000000000000e+00
0.000000000000000000e+00
0.000000000000000000e+00
2.031642123188583809e-02
0.000000000000000000e+00
0.000000000000000000e+00
0.000000000000000000e+00
0.000000000000000000e+00
0.000000000000000000e+00
0.000000000000000000e+00
2.031642123188583809e-02
0.000000000000000000e+00
0.000000000000000000e+00
0.000000000000000000e+00
0.000000000000000000e+00
0.000000000000000000e+00
0.000000000000000000e+00
3.780860893412237023e-02
0.000000000000000000e+00
0.000000000000000000e+00
0.000000000000000000e+00
0.000000000000000000e+00
0.000000000000000000e+00
0.000000000000000000e+00
1.805182833929275255e-01
0.000000000000000000e+00
0.000000000000000000e+00
0.000000000000000000e+00
0.000000000000000000e+00
0.000000000000000000e+00
0.000000000000000000e+00
0.000000000000000000e+00
0.000000000000000000e+00
0.000000000000000000e+00
0.000000000000000000e+00
0.000000000000000000e+00
0.000000000000000000e+00
0.000000000000000000e+00
0.000000000000000000e+00
0.000000000000000000e+00
0.000000000000000000e+00
3.780860893412237023e-02
1.805182833929274977e-01
0.000000000000000000e+00
0.000000000000000000e+00
0.000000000000000000e+00
1.067692810041324381e-01
1.067692810041324381e-01
0.000000000000000000e+00
0.000000000000000000e+00
0.000000000000000000e+00
0.000000000000000000e+00
1.067692810041324519e-01
0.000000000000000000e+00
0.000000000000000000e+00
0.000000000000000000e+00
0.000000000000000000e+00
0.000000000000000000e+00
0.000000000000000000e+00
1.067692810041324519e-01
0.000000000000000000e+00
0.000000000000000000e+00
0.000000000000000000e+00
0.000000000000000000e+00
0.000000000000000000e+00
0.000000000000000000e+00
0.000000000000000000e+00
0.000000000000000000e+00
0.000000000000000000e+00
0.000000000000000000e+00
0.000000000000000000e+00
0.000000000000000000e+00
0.000000000000000000e+00
0.000000000000000000e+00
0.000000000000000000e+00
0.000000000000000000e+00
0.000000000000000000e+00
0.000000000000000000e+00
0.000000000000000000e+00
0.000000000000000000e+00
4.744441954797915667e-02
0.000000000000000000e+00
0.000000000000000000e+00
0.000000000000000000e+00
0.000000000000000000e+00
0.000000000000000000e+00
0.000000000000000000e+00
0.000000000000000000e+00
0.000000000000000000e+00
0.000000000000000000e+00
0.000000000000000000e+00
0.000000000000000000e+00
4.744441954797915667e-02
0.000000000000000000e+00
0.000000000000000000e+00
1.277171645790000504e-02
-1.277171645790000504e-02
0.000000000000000000e+00
0.000000000000000000e+00
0.000000000000000000e+00
0.000000000000000000e+00
1.277171645790000330e-02
0.000000000000000000e+00
0.000000000000000000e+00
0.000000000000000000e+00
0.000000000000000000e+00
0.000000000000000000e+00
0.000000000000000000e+00
-1.277171645790000330e-02
0.000000000000000000e+00
0.000000000000000000e+00
0.000000000000000000e+00
0.000000000000000000e+00
0.000000000000000000e+00
0.000000000000000000e+00
2.519261237893031787e-19
0.000000000000000000e+00
0.000000000000000000e+00
0.000000000000000000e+00
0.000000000000000000e+00
0.000000000000000000e+00
0.000000000000000000e+00
0.000000000000000000e+00
0.000000000000000000e+00
0.000000000000000000e+00
0.000000000000000000e+00
0.000000000000000000e+00
0.000000000000000000e+00
0.000000000000000000e+00
0.000000000000000000e+00
0.000000000000000000e+00
0.000000000000000000e+00
0.000000000000000000e+00
0.000000000000000000e+00
0.000000000000000000e+00
0.000000000000000000e+00
4.744441954797915667e-02
0.000000000000000000e+00
0.000000000000000000e+00
2.519261237893032268e-19
0.000000000000000000e+00
0.000000000000000000e+00
4.744441954797915667e-02
0.000000000000000000e+00
9.978414573878498228e-03
9.978414573878498228e-03
0.000000000000000000e+00
0.000000000000000000e+00
0.000000000000000000e+00
0.000000000000000000e+00
9.978414573878499963e-03
0.000000000000000000e+00
0.000000000000000000e+00
0.000000000000000000e+00
0.000000000000000000e+00
0.000000000000000000e+00
0.000000000000000000e+00
9.978414573878499963e-03
0.000000000000000000e+00
0.000000000000000000e+00
1.115813944939832547e+00
2.566842198555708277e-01
0.000000000000000000e+00
5.693260015628999933e-18
0.000000000000000000e+00
1.365151182093130022e-01
1.365151182093130022e-01
2.566842198555708277e-01
8.170220964045141754e-01
0.000000000000000000e+00
0.000000000000000000e+00
0.000000000000000000e+00
5.500209688557735621e-01
5.500209688557735621e-01
0.000000000000000000e+00
0.000000000000000000e+00
7.852696293696076468e-01
0.000000000000000000e+00
0.000000000000000000e+00
2.471046455889351623e-01
-2.471046455889351623e-01
5.693260015628999933e-18
0.000000000000000000e+00
0.000000000000000000e+00
7.852696293696076468e-01
0.000000000000000000e+00
1.930603928567904970e-01
1.930603928567904970e-01
0.000000000000000000e+00
0.000000000000000000e+00
0.000000000000000000e+00
0.000000000000000000e+00
8.801584684655664459e-01
0.000000000000000000e+00
0.000000000000000000e+00
1.365151182093130300e-01
5.500209688557734511e-01
2.471046455889351623e-01
1.930603928567904970e-01
0.000000000000000000e+00
6.286921431207469491e-01
3.631192505206826682e-01
1.365151182093130300e-01
5.500209688557734511e-01
-2.471046455889351623e-01
1.930603928567904970e-01
0.000000000000000000e+00
3.631192505206826682e-01
6.286921431207469491e-01
0.000000000000000000e+00
0.000000000000000000e+00
0.000000000000000000e+00
0.000000000000000000e+00
2.031642123188583116e-02
0.000000000000000000e+00
0.000000000000000000e+00
0.000000000000000000e+00
0.000000000000000000e+00
0.000000000000000000e+00
0.000000000000000000e+00
1.067692810041324658e-01
0.000000000000000000e+00
0.000000000000000000e+00
0.000000000000000000e+00
0.000000000000000000e+00
0.000000000000000000e+00
0.000000000000000000e+00
1.277171645789999983e-02
0.000000000000000000e+00
0.000000000000000000e+00
0.000000000000000000e+00
0.000000000000000000e+00
0.000000000000000000e+00
0.000000000000000000e+00
9.978414573878496494e-03
0.000000000000000000e+00
0.000000000000000000e+00
2.031642123188582769e-02
1.067692810041324381e-01
1.277171645789999983e-02
9.978414573878496494e-03
0.000000000000000000e+00
7.118911222265149330e-02
6.280785974460470489e-02
0.000000000000000000e+00
0.000000000000000000e+00
0.000000000000000000e+00
0.000000000000000000e+00
7.118911222265150718e-02
0.000000000000000000e+00
0.000000000000000000e+00
0.000000000000000000e+00
0.000000000000000000e+00
0.000000000000000000e+00
0.000000000000000000e+00
6.280785974460470489e-02
0.000000000000000000e+00
0.000000000000000000e+00
0.000000000000000000e+00
0.000000000000000000e+00
0.000000000000000000e+00
0.000000000000000000e+00
2.031642123188583116e-02
0.000000000000000000e+00
0.000000000000000000e+00
0.000000000000000000e+00
0.000000000000000000e+00
0.000000000000000000e+00
0.000000000000000000e+00
1.067692810041324658e-01
0.000000000000000000e+00
0.000000000000000000e+00
0.000000000000000000e+00
0.000000000000000000e+00
0.000000000000000000e+00
0.000000000000000000e+00
-1.277171645789999983e-02
0.000000000000000000e+00
0.000000000000000000e+00
0.000000000000000000e+00
0.000000000000000000e+00
0.000000000000000000e+00
0.000000000000000000e+00
9.978414573878496494e-03
0.000000000000000000e+00
0.000000000000000000e+00
2.031642123188582769e-02
1.067692810041324381e-01
-1.277171645789999983e-02
9.978414573878496494e-03
0.000000000000000000e+00
6.280785974460470489e-02
7.118911222265149330e-02
0.000000000000000000e+00
0.000000000000000000e+00
0.000000000000000000e+00
0.000000000000000000e+00
6.280785974460470489e-02
0.000000000000000000e+00
0.000000000000000000e+00
0.000000000000000000e+00
0.000000000000000000e+00
0.000000000000000000e+00
0.000000000000000000e+00
7.118911222265150718e-02
0.000000000000000000e+00
0.000000000000000000e+00
4.048368463979575282e-01
7.387275691235722919e-02
2.446746007230128032e-03
1.911618230611623675e-03
0.000000000000000000e+00
4.032030797340459966e-02
3.979746385620150373e-02
7.387275691235725694e-02
1.367967670397670643e-01
4.535283741360592903e-03
3.543371913293151196e-03
0.000000000000000000e+00
9.046697670122336166e-02
8.816036281497974247e-02
2.446746007230128899e-03
4.535283741360592903e-03
1.370459407898619031e-01
4.147263832040736431e-04
0.000000000000000000e+00
4.218046567583867007e-02
-3.610502513368287619e-02
1.911618230611623892e-03
3.543371913293150328e-03
4.147263832040736431e-04
1.368391397924711428e-01
0.000000000000000000e+00
3.295517676266798007e-02
3.197259299413816175e-02
0.000000000000000000e+00
0.000000000000000000e+00
0.000000000000000000e+00
0.000000000000000000e+00
1.365151182093130300e-01
0.000000000000000000e+00
0.000000000000000000e+00
4.032030797340461353e-02
9.046697670122337553e-02
4.218046567583866313e-02
3.295517676266798007e-02
0.000000000000000000e+00
9.843853929773999090e-02
5.691648737545312170e-02
3.979746385620151067e-02
8.816036281497975635e-02
-3.610502513368287619e-02
3.197259299413815481e-02
0.000000000000000000e+00
5.691648737545312170e-02
9.417252575009563142e-02
7.210322535817025313e-01
1.662746425361082137e-01
8.798562743380713980e-03
6.874229239048611564e-03
0.000000000000000000e+00
9.046697670122336166e-02
8.816036281497975635e-02
1.662746425361082137e-01
5.566335013907788287e-01
5.702292762475578980e-02
4.455144411729602266e-02
0.000000000000000000e+00
4.183656216441297149e-01
3.745653919357255779e-01
8.798562743380713980e-03
5.702292762475578980e-02
5.620533359444451760e-01
9.400768292314364005e-03
0.000000000000000000e+00
2.371624942844323125e-01
-1.404578006761812992e-01
6.874229239048611564e-03
4.455144411729602960e-02
9.400768292314364005e-03
5.573656952786392171e-01
0.000000000000000000e+00
1.852926892909012579e-01
1.620688445897531249e-01
0.000000000000000000e+00
0.000000000000000000e+00
0.000000000000000000e+00
0.000000000000000000e+00
5.500209688557735621e-01
0.000000000000000000e+00
0.000000000000000000e+00
9.046697670122336166e-02
4.183656216441297149e-01
2.371624942844322848e-01
1.852926892909012857e-01
0.000000000000000000e+00
5.393177548331508087e-01
2.728552444393580467e-01
8.816036281497974247e-02
3.745653919357255224e-01
-1.404578006761812992e-01
1.620688445897531249e-01
0.000000000000000000e+00
2.728552444393580467e-01
4.350693422371738617e-01
3.107345193687935936e-01
7.280354399964023004e-02
2.418574785396256782e-02
3.023066263966762545e-03
0.000000000000000000e+00
4.218046567583867701e-02
3.610502513368289701e-02
7.280354399964021617e-02
2.593221251790602255e-01
1.342268080769786209e-01
2.145229180505947922e-02
0.000000000000000000e+00
2.371624942844323958e-01
1.404578006761812992e-01
2.418574785396256782e-02
1.342268080769786209e-01
2.793734430072113972e-01
1.523287472317533600e-02
0.000000000000000000e+00
2.058935861495401476e-01
1.247946097331280139e-02
3.023066263966762979e-03
2.145229180505948269e-02
1.523287472317533600e-02
2.512099028505130338e-01
0.000000000000000000e+00
1.052432607809171139e-01
5.867487700860191807e-02
0.000000000000000000e+00
0.000000000000000000e+00
0.000000000000000000e+00
0.000000000000000000e+00
2.471046455889351900e-01
0.000000000000000000e+00
0.000000000000000000e+00
4.218046567583867007e-02
2.371624942844323680e-01
2.058935861495401753e-01
1.052432607809171139e-01
0.000000000000000000e+00
3.522221162229106639e-01
1.297120910870419030e-01
3.610502513368289007e-02
1.404578006761812714e-01
1.247946097331280139e-02
5.867487700860191807e-02
0.000000000000000000e+00
1.297120910870419586e-01
1.298493960599810260e-01
2.427737780507009946e-01
5.688068215973091785e-02
3.023066263966760377e-03
2.267831272592284175e-02
0.000000000000000000e+00
3.295517676266798007e-02
3.197259299413816869e-02
5.688068215973090397e-02
2.026057876985901118e-01
2.145229180505948269e-02
1.235297424422105300e-01
0.000000000000000000e+00
1.852926892909012024e-01
1.620688445897531249e-01
3.023066263966760810e-03
2.145229180505947922e-02
1.983148530060873105e-01
1.687697371947786962e-02
0.000000000000000000e+00
1.052432607809171139e-01
-5.867487700860191113e-02
2.267831272592284175e-02
1.235297424422105300e-01
1.687697371947786962e-02
2.162246185219600936e-01
0.000000000000000000e+00
1.534146212715324087e-01
1.324923754202537440e-01
0.000000000000000000e+00
0.000000000000000000e+00
0.000000000000000000e+00
0.000000000000000000e+00
1.930603928567905248e-01
0.000000000000000000e+00
0.000000000000000000e+00
3.295517676266797313e-02
1.852926892909012024e-01
1.052432607809171139e-01
1.534146212715324364e-01
0.000000000000000000e+00
2.751876233195760801e-01
1.364421443066834438e-01
3.197259299413816175e-02
1.620688445897530972e-01
-5.867487700860191113e-02
1.324923754202537163e-01
0.000000000000000000e+00
1.364421443066834161e-01
2.117393090066984063e-01
0.000000000000000000e+00
0.000000000000000000e+00
0.000000000000000000e+00
0.000000000000000000e+00
2.031642123188583116e-02
0.000000000000000000e+00
0.000000000000000000e+00
0.000000000000000000e+00
0.000000000000000000e+00
0.000000000000000000e+00
0.000000000000000000e+00
1.067692810041324797e-01
0.000000000000000000e+00
0.000000000000000000e+00
0.000000000000000000e+00
0.000000000000000000e+00
0.000000000000000000e+00
0.000000000000000000e+00
1.277171645790000504e-02
0.000000000000000000e+00
0.000000000000000000e+00
0.000000000000000000e+00
0.000000000000000000e+00
0.000000000000000000e+00
0.000000000000000000e+00
9.978414573878496494e-03
0.000000000000000000e+00
0.000000000000000000e+00
2.031642123188583463e-02
1.067692810041324519e-01
1.277171645790000504e-02
9.978414573878496494e-03
0.000000000000000000e+00
7.118911222265147942e-02
6.280785974460470489e-02
0.000000000000000000e+00
0.000000000000000000e+00
0.000000000000000000e+00
0.000000000000000000e+00
7.118911222265147942e-02
0.000000000000000000e+00
0.000000000000000000e+00
0.000000000000000000e+00
0.000000000000000000e+00
0.000000000000000000e+00
0.000000000000000000e+00
6.280785974460470489e-02
0.000000000000000000e+00
0.000000000000000000e+00
7.641294551207554742e-01
1.783686644302468760e-01
1.564832260533474684e-02
1.222587824091884469e-02
0.000000000000000000e+00
9.843853929773999090e-02
9.417252575009563142e-02
1.783686644302468760e-01
6.501267820410545628e-01
1.202706952586458100e-01
9.396629359376643120e-02
0.000000000000000000e+00
5.393177548331506976e-01
4.350693422371738617e-01
1.564832260533474684e-02
1.202706952586458100e-01
6.682095036288663303e-01
3.087451927978867791e-02
0.000000000000000000e+00
3.522221162229106084e-01
-1.298493960599809982e-01
1.222587824091883948e-02
9.396629359376643120e-02
3.087451927978867791e-02
6.528140968266932243e-01
0.000000000000000000e+00
2.751876233195761912e-01
2.117393090066983508e-01
0.000000000000000000e+00
0.000000000000000000e+00
0.000000000000000000e+00
0.000000000000000000e+00
6.286921431207469491e-01
0.000000000000000000e+00
0.000000000000000000e+00
9.843853929773999090e-02
5.393177548331506976e-01
3.522221162229106084e-01
2.751876233195761356e-01
0.000000000000000000e+00
7.746057639732469857e-01
3.491256310534406326e-01
9.417252575009563142e-02
4.350693422371738617e-01
-1.298493960599809982e-01
2.117393090066983508e-01
0.000000000000000000e+00
3.491256310534406326e-01
5.057582385859963336e-01
4.551529492011001654e-01
1.054122724071889089e-01
-2.032879073410320814e-19
7.438359152623507872e-03
0.000000000000000000e+00
5.691648737545312864e-02
5.691648737545312864e-02
1.054122724071888950e-01
3.694095766870997832e-01
3.035766082959412415e-18
5.297226763296682822e-02
0.000000000000000000e+00
2.728552444393580467e-01
2.728552444393579912e-01
-3.388131789017201356e-19
2.168404344971008868e-18
3.689965635898591056e-01
-2.168404344971008868e-19
0.000000000000000000e+00
1.297120910870419586e-01
-1.297120910870419030e-01
7.438359152623507005e-03
5.297226763296682128e-02
-2.168404344971008868e-19
3.757778924634946893e-01
0.000000000000000000e+00
1.364421443066834438e-01
1.364421443066833883e-01
0.000000000000000000e+00
0.000000000000000000e+00
0.000000000000000000e+00
0.000000000000000000e+00
3.631192505206825016e-01
0.000000000000000000e+00
0.000000000000000000e+00
5.691648737545312864e-02
2.728552444393579912e-01
1.297120910870419030e-01
1.364421443066834161e-01
0.000000000000000000e+00
3.491256310534406881e-01
1.952232552650508268e-01
5.691648737545312170e-02
2.728552444393579912e-01
-1.297120910870418753e-01
1.364421443066833883e-01
0.000000000000000000e+00
1.952232552650508268e-01
3.491256310534406881e-01
4.048368463979575282e-01
7.387275691235722919e-02
-2.446746007230128032e-03
1.911618230611623675e-03
0.000000000000000000e+00
3.979746385620150373e-02
4.032030797340459966e-02
7.387275691235725694e-02
1.367967670397670643e-01
-4.535283741360592903e-03
3.543371913293151196e-03
0.000000000000000000e+00
8.816036281497974247e-02
9.046697670122336166e-02
-2.446746007230128899e-03
-4.535283741360592903e-03
1.370459407898619031e-01
-4.147263832040736431e-04
0.000000000000000000e+00
3.610502513368287619e-02
-4.218046567583867007e-02
1.911618230611623892e-03
3.543371913293150328e-03
-4.147263832040736431e-04
1.368391397924711428e-01
0.000000000000000000e+00
3.197259299413816175e-02
3.295517676266798007e-02
0.000000000000000000e+00
0.000000000000000000e+00
0.000000000000000000e+00
0.000000000000000000e+00
1.365151182093130300e-01
0.000000000000000000e+00
0.000000000000000000e+00
3.979746385620151067e-02
8.816036281497975635e-02
3.610502513368287619e-02
3.197259299413815481e-02
0.000000000000000000e+00
9.417252575009563142e-02
5.691648737545312170e-02
4.032030797340461353e-02
9.046697670122337553e-02
-4.218046567583866313e-02
3.295517676266798007e-02
0.000000000000000000e+00
5.691648737545312170e-02
9.843853929773999090e-02
7.210322535817025313e-01
1.662746425361082137e-01
-8.798562743380713980e-03
6.874229239048611564e-03
0.000000000000000000e+00
8.816036281497975635e-02
9.046697670122336166e-02
1.662746425361082137e-01
5.566335013907788287e-01
-5.702292762475578980e-02
4.455144411729602266e-02
0.000000000000000000e+00
3.745653919357255779e-01
4.183656216441297149e-01
-8.798562743380713980e-03
-5.702292762475578980e-02
5.620533359444451760e-01
-9.400768292314364005e-03
0.000000000000000000e+00
1.404578006761812992e-01
-2.371624942844323125e-01
6.874229239048611564e-03
4.455144411729602960e-02
-9.400768292314364005e-03
5.573656952786392171e-01
0.000000000000000000e+00
1.620688445897531249e-01
1.852926892909012579e-01
0.000000000000000000e+00
0.000000000000000000e+00
0.000000000000000000e+00
0.000000000000000000e+00
5.500209688557735621e-01
0.000000000000000000e+00
0.000000000000000000e+00
8.816036281497974247e-02
3.745653919357255224e-01
1.404578006761812992e-01
1.620688445897531249e-01
0.000000000000000000e+00
4.350693422371738617e-01
2.728552444393580467e-01
9.046697670122336166e-02
4.183656216441297149e-01
-2.371624942844322848e-01
1.852926892909012857e-01
0.000000000000000000e+00
2.728552444393580467e-01
5.393177548331508087e-01
-3.107345193687935936e-01
-7.280354399964023004e-02
2.418574785396256782e-02
-3.023066263966762545e-03
0.000000000000000000e+00
-3.610502513368289701e-02
-4.218046567583867701e-02
-7.280354399964021617e-02
-2.593221251790602255e-01
1.342268080769786209e-01
-2.145229180505947922e-02
0.000000000000000000e+00
-1.404578006761812992e-01
-2.371624942844323958e-01
2.418574785396256782e-02
1.342268080769786209e-01
-2.793734430072113972e-01
1.523287472317533600e-02
0.000000000000000000e+00
1.247946097331280139e-02
2.058935861495401476e-01
-3.023066263966762979e-03
-2.145229180505948269e-02
1.523287472317533600e-02
-2.512099028505130338e-01
0.000000000000000000e+00
-5.867487700860191807e-02
-1.052432607809171139e-01
0.000000000000000000e+00
0.000000000000000000e+00
0.000000000000000000e+00
0.000000000000000000e+00
-2.471046455889351900e-01
0.000000000000000000e+00
0.000000000000000000e+00
-3.610502513368289007e-02
-1.404578006761812714e-01
1.247946097331280139e-02
-5.867487700860191807e-02
0.000000000000000000e+00
-1.298493960599810260e-01
-1.297120910870419586e-01
-4.218046567583867007e-02
-2.371624942844323680e-01
2.058935861495401753e-01
-1.052432607809171139e-01
0.000000000000000000e+00
-1.297120910870419030e-01
-3.522221162229106639e-01
2.427737780507009946e-01
5.688068215973091785e-02
-3.023066263966760377e-03
2.267831272592284175e-02
0.000000000000000000e+00
3.197259299413816869e-02
3.295517676266798007e-02
5.688068215973090397e-02
2.026057876985901118e-01
-2.145229180505948269e-02
1.235297424422105300e-01
0.000000000000000000e+00
1.620688445897531249e-01
1.852926892909012024e-01
-3.023066263966760810e-03
-2.145229180505947922e-02
1.983148530060873105e-01
-1.687697371947786962e-02
0.000000000000000000e+00
5.867487700860191113e-02
-1.052432607809171139e-01
2.267831272592284175e-02
1.235297424422105300e-01
-1.687697371947786962e-02
2.162246185219600936e-01
0.000000000000000000e+00
1.324923754202537440e-01
1.534146212715324087e-01
0.000000000000000000e+00
0.000000000000000000e+00
0.000000000000000000e+00
0.000000000000000000e+00
1.930603928567905248e-01
0.000000000000000000e+00
0.000000000000000000e+00
3.197259299413816175e-02
1.620688445897530972e-01
5.867487700860191113e-02
1.324923754202537163e-01
0.000000000000000000e+00
2.117393090066984063e-01
1.364421443066834161e-01
3.295517676266797313e-02
1.852926892909012024e-01
-1.052432607809171139e-01
1.534146212715324364e-01
0.000000000000000000e+00
1.364421443066834438e-01
2.751876233195760801e-01
0.000000000000000000e+00
0.000000000000000000e+00
0.000000000000000000e+00
0.000000000000000000e+00
2.031642123188583116e-02
0.000000000000000000e+00
0.000000000000000000e+00
0.000000000000000000e+00
0.000000000000000000e+00
0.000000000000000000e+00
0.000000000000000000e+00
1.067692810041324797e-01
0.000000000000000000e+00
0.000000000000000000e+00
0.000000000000000000e+00
0.000000000000000000e+00
0.000000000000000000e+00
0.000000000000000000e+00
-1.277171645790000504e-02
0.000000000000000000e+00
0.000000000000000000e+00
0.000000000000000000e+00
0.000000000000000000e+00
0.000000000000000000e+00
0.000000000000000000e+00
9.978414573878496494e-03
0.000000000000000000e+00
0.000000000000000000e+00
2.031642123188583463e-02
1.067692810041324519e-01
-1.277171645790000504e-02
9.978414573878496494e-03
0.000000000000000000e+00
6.280785974460470489e-02
7.118911222265147942e-02
0.000000000000000000e+00
0.000000000000000000e+00
0.000000000000000000e+00
0.000000000000000000e+00
6.280785974460470489e-02
0.000000000000000000e+00
0.000000000000000000e+00
0.000000000000000000e+00
0.000000000000000000e+00
0.000000000000000000e+00
0.000000000000000000e+00
7.118911222265147942e-02
0.000000000000000000e+00
0.000000000000000000e+00
4.551529492011001654e-01
1.054122724071889089e-01
2.032879073410320814e-19
7.438359152623507872e-03
0.000000000000000000e+00
5.691648737545312864e-02
5.691648737545312864e-02
1.054122724071888950e-01
3.694095766870997832e-01
-3.035766082959412415e-18
5.297226763296682822e-02
0.000000000000000000e+00
2.728552444393579912e-01
2.728552444393580467e-01
3.388131789017201356e-19
-2.168404344971008868e-18
3.689965635898591056e-01
2.168404344971008868e-19
0.000000000000000000e+00
1.297120910870419030e-01
-1.297120910870419586e-01
7.438359152623507005e-03
5.297226763296682128e-02
2.168404344971008868e-19
3.757778924634946893e-01
0.000000000000000000e+00
1.364421443066833883e-01
1.364421443066834438e-01
0.000000000000000000e+00
0.000000000000000000e+00
0.000000000000000000e+00
0.000000000000000000e+00
3.631192505206825016e-01
0.000000000000000000e+00
0.000000000000000000e+00
5.691648737545312170e-02
2.728552444393579912e-01
1.297120910870418753e-01
1.364421443066833883e-01
0.000000000000000000e+00
3.491256310534406881e-01
1.952232552650508268e-01
5.691648737545312864e-02
2.728552444393579912e-01
-1.297120910870419030e-01
1.364421443066834161e-01
0.000000000000000000e+00
1.952232552650508268e-01
3.491256310534406881e-01
7.641294551207554742e-01
1.783686644302468760e-01
-1.564832260533474684e-02
1.222587824091884469e-02
0.000000000000000000e+00
9.417252575009563142e-02
9.843853929773999090e-02
1.783686644302468760e-01
6.501267820410545628e-01
-1.202706952586458100e-01
9.396629359376643120e-02
0.000000000000000000e+00
4.350693422371738617e-01
5.393177548331506976e-01
-1.564832260533474684e-02
-1.202706952586458100e-01
6.682095036288663303e-01
-3.087451927978867791e-02
0.000000000000000000e+00
1.298493960599809982e-01
-3.522221162229106084e-01
1.222587824091883948e-02
9.396629359376643120e-02
-3.087451927978867791e-02
6.528140968266932243e-01
0.000000000000000000e+00
2.117393090066983508e-01
2.751876233195761912e-01
0.000000000000000000e+00
0.000000000000000000e+00
0.000000000000000000e+00
0.000000000000000000e+00
6.286921431207469491e-01
0.000000000000000000e+00
0.000000000000000000e+00
9.417252575009563142e-02
4.350693422371738617e-01
1.298493960599809982e-01
2.117393090066983508e-01
0.000000000000000000e+00
5.057582385859963336e-01
3.491256310534406326e-01
9.843853929773999090e-02
5.393177548331506976e-01
-3.522221162229106084e-01
2.751876233195761356e-01
0.000000000000000000e+00
3.491256310534406326e-01
7.746057639732469857e-01
